QUAD|-30.70,-22.04|-2.57,-22.04|-2.57,22.02|-30.70,22.02
QUAD|4.47,-11.42|5.47,-11.42|5.47,-5.69|4.47,-5.69
QUAD|4.49,11.04|5.49,11.04|5.49,16.82|4.49,16.82
QUAD|4.50,-5.68|5.50,-5.68|5.50,0.09|4.50,0.09
QUAD|4.49,5.24|5.49,5.24|5.49,11.02|4.49,11.02
QUAD|4.45,16.86|5.45,16.86|5.45,22.64|4.45,22.64
QUAD|4.49,-17.11|5.49,-17.11|5.49,-11.41|4.49,-11.41
QUAD|4.49,-22.77|5.49,-22.77|5.49,-17.07|4.49,-17.07
QUAD|-0.46,-22.53|-0.45,-23.53|5.25,-23.48|5.24,-22.48
QUAD|-6.15,-22.53|-6.14,-23.53|-0.44,-23.48|-0.45,-22.48
QUAD|-11.84,-22.53|-11.83,-23.53|-6.13,-23.48|-6.14,-22.48
QUAD|-17.53,-22.53|-17.52,-23.53|-11.82,-23.48|-11.83,-22.48
QUAD|-23.27,-22.53|-23.26,-23.53|-17.56,-23.48|-17.57,-22.48
QUAD|-28.97,-22.53|-28.96,-23.53|-23.26,-23.48|-23.27,-22.48
QUAD|-34.95,-22.58|-34.94,-23.58|-28.98,-23.53|-28.99,-22.53
QUAD|5.15,22.35|5.15,23.35|-0.63,23.36|-0.63,22.36
QUAD|-0.61,22.35|-0.61,23.35|-6.39,23.36|-6.39,22.36
QUAD|-6.33,22.35|-6.33,23.35|-12.11,23.36|-12.11,22.36
QUAD|-12.05,22.35|-12.05,23.35|-17.83,23.36|-17.84,22.36
QUAD|-17.80,22.35|-17.80,23.35|-23.58,23.36|-23.58,22.36
QUAD|-23.56,22.35|-23.56,23.35|-29.34,23.36|-29.34,22.36
QUAD|-29.28,22.35|-29.27,23.35|-35.06,23.36|-35.06,22.36
QUAD|-53.43,-44.84|-26.57,-44.84|-26.57,-18.15|-53.43,-18.15
QUAD|-56.55,-52.76|-29.70,-52.76|-29.70,-26.06|-56.55,-26.06
QUAD|44.33,20.40|26.07,20.34|26.16,-5.89|44.42,-5.83
QUAD|21.63,10.59|22.63,10.59|22.63,16.37|21.63,16.37
QUAD|21.63,-0.66|22.63,-0.66|22.63,5.12|21.63,5.12
QUAD|21.63,16.35|22.63,16.35|22.63,22.13|21.63,22.13
QUAD|21.98,22.73|21.99,21.73|27.77,21.80|27.76,22.80
QUAD|27.80,22.81|27.81,21.81|33.59,21.88|33.58,22.88
QUAD|33.58,22.82|33.59,21.82|39.37,21.89|39.36,22.89
QUAD|38.25,22.86|38.26,21.86|44.04,21.92|44.03,22.92
QUAD|21.63,-5.84|22.63,-5.84|22.63,-0.06|21.63,-0.06
QUAD|27.81,-6.41|27.78,-5.41|22.00,-5.59|22.03,-6.59
QUAD|33.26,-6.23|33.23,-5.23|27.45,-5.42|27.48,-6.42
QUAD|38.55,-6.06|38.52,-5.06|32.74,-5.24|32.78,-6.24
QUAD|43.98,-5.88|43.95,-4.88|38.17,-5.07|38.20,-6.07
QUAD|21.63,-12.11|22.63,-12.11|22.63,-6.33|21.63,-6.33
QUAD|21.63,-17.87|22.63,-17.87|22.63,-12.09|21.63,-12.09
QUAD|21.63,-23.58|22.63,-23.58|22.63,-17.79|21.63,-17.79
QUAD|27.72,-24.16|27.70,-23.16|21.92,-23.26|21.94,-24.26
QUAD|29.95,-24.13|29.93,-23.13|24.15,-23.22|24.16,-24.22
QUAD|25.87,-7.57|25.67,-21.34|40.21,-21.55|40.41,-7.78
QUAD|58.52,-34.67|81.56,-34.67|81.56,-4.68|58.52,-4.68
QUAD|39.84,-23.96|39.82,-22.97|34.04,-23.06|34.06,-24.06
QUAD|43.55,-23.90|43.53,-22.90|37.75,-23.00|37.77,-24.00
QUAD|43.73,-8.25|44.73,-8.24|44.65,-2.46|43.65,-2.47
QUAD|43.80,-13.71|44.80,-13.70|44.73,-7.91|43.73,-7.93
QUAD|43.88,-19.29|44.88,-19.27|44.80,-13.49|43.80,-13.51
QUAD|43.94,-23.62|44.94,-23.60|44.86,-17.82|43.86,-17.84
QUAD|44.74,-23.88|44.72,-22.88|38.94,-22.98|38.96,-23.98
QUAD|43.80,-3.12|44.80,-3.11|44.72,2.67|43.72,2.66
QUAD|43.59,2.29|44.59,2.31|44.51,8.09|43.51,8.08
QUAD|43.52,7.84|44.52,7.85|44.44,13.63|43.44,13.62
QUAD|43.44,13.54|44.44,13.55|44.36,19.33|43.36,19.32
QUAD|43.40,16.76|44.40,16.78|44.32,22.56|43.32,22.54
QUAD|56.44,-35.16|57.44,-35.15|57.36,-29.37|56.36,-29.38
QUAD|56.21,-17.79|57.21,-17.78|57.13,-12.00|56.13,-12.01
QUAD|56.13,-12.24|57.13,-12.23|57.05,-6.45|56.05,-6.46
QUAD|56.06,-6.72|57.06,-6.71|56.98,-0.93|55.98,-0.94
QUAD|55.98,-1.20|56.98,-1.19|56.91,4.59|55.91,4.58
QUAD|55.91,4.60|56.91,4.61|56.83,10.40|55.83,10.38
QUAD|43.60,22.92|43.61,21.92|49.40,21.99|49.38,22.99
QUAD|49.08,22.98|49.09,21.98|54.87,22.05|54.86,23.05
QUAD|54.53,23.05|54.54,22.05|60.33,22.12|60.31,23.12
QUAD|60.16,23.12|60.18,22.12|65.96,22.18|65.94,23.18
QUAD|65.41,23.18|65.42,22.18|71.20,22.25|71.19,23.25
QUAD|71.61,22.94|70.61,22.95|70.56,17.17|71.56,17.16
QUAD|71.56,17.50|70.56,17.51|70.51,11.73|71.51,11.72
QUAD|71.52,12.08|70.52,12.08|70.46,6.30|71.46,6.29
QUAD|66.44,-3.86|66.42,2.32|56.42,2.29|56.44,-3.89
QUAD|56.28,-23.45|57.28,-23.44|57.20,-17.66|56.20,-17.67
QUAD|62.52,-35.77|62.51,-34.77|56.72,-34.85|56.74,-35.85
QUAD|67.88,-35.71|67.87,-34.71|62.09,-34.78|62.10,-35.78
QUAD|73.24,-35.64|73.23,-34.64|67.45,-34.71|67.46,-35.71
QUAD|78.52,-35.57|78.51,-34.57|72.72,-34.64|72.74,-35.64
QUAD|81.97,-35.53|81.96,-34.53|76.18,-34.60|76.19,-35.60
QUAD|82.63,-29.42|81.63,-29.43|81.67,-35.21|82.67,-35.21
QUAD|82.59,-23.92|81.59,-23.93|81.63,-29.71|82.63,-29.70
QUAD|82.55,-18.67|81.55,-18.68|81.59,-24.46|82.59,-24.46
QUAD|82.52,-13.48|81.52,-13.49|81.56,-19.27|82.56,-19.26
QUAD|82.48,-8.13|81.48,-8.14|81.52,-13.92|82.52,-13.91
QUAD|82.45,-2.84|81.45,-2.84|81.49,-8.63|82.49,-8.62
QUAD|82.41,2.34|81.41,2.34|81.45,-3.45|82.45,-3.44
QUAD|82.38,6.79|81.38,6.78|81.42,1.00|82.42,1.01
QUAD|75.87,7.03|75.88,6.03|81.66,6.07|81.65,7.07
QUAD|71.25,7.00|71.25,6.00|77.03,6.04|77.03,7.04
QUAD|-33.84,22.36|-33.84,23.36|-39.62,23.36|-39.62,22.36
QUAD|-39.95,23.12|-38.95,23.10|-38.86,28.88|-39.86,28.90
QUAD|-39.86,28.90|-38.86,28.89|-38.76,34.67|-39.76,34.68
QUAD|-39.76,34.57|-38.76,34.56|-38.67,40.34|-39.67,40.35
QUAD|-39.68,39.88|-38.68,39.86|-38.58,45.64|-39.58,45.66
QUAD|-39.60,44.80|-38.60,44.78|-38.50,50.56|-39.50,50.58
QUAD|-39.51,50.42|-38.51,50.41|-38.41,56.19|-39.41,56.20
QUAD|-39.42,55.68|-38.42,55.67|-38.33,61.45|-39.33,61.47
QUAD|-39.33,61.10|-38.33,61.08|-38.24,66.86|-39.24,66.88
QUAD|-39.24,66.63|-38.24,66.62|-38.15,72.40|-39.15,72.41
QUAD|-39.14,72.89|-38.14,72.88|-38.05,78.66|-39.05,78.67
QUAD|6.01,32.08|6.01,33.08|0.23,33.09|0.23,32.09
QUAD|-0.44,32.09|-0.44,33.09|-6.22,33.09|-6.22,32.09
QUAD|-6.11,32.09|-6.10,33.09|-11.89,33.09|-11.89,32.09
QUAD|-11.63,32.09|-11.63,33.09|-17.41,33.10|-17.41,32.10
QUAD|-17.15,32.09|-17.15,33.09|-22.93,33.10|-22.93,32.10
QUAD|-21.81,32.10|-21.81,33.10|-27.59,33.10|-27.59,32.10
QUAD|-26.14,32.10|-26.14,33.10|-31.92,33.10|-31.92,32.10
QUAD|-0.42,70.82|-0.42,71.82|-6.20,71.82|-6.20,70.82
QUAD|-6.09,70.82|-6.09,71.82|-11.87,71.82|-11.87,70.82
QUAD|-11.61,70.82|-11.61,71.82|-17.39,71.83|-17.39,70.83
QUAD|-17.13,70.83|-17.13,71.83|-22.91,71.83|-22.91,70.83
QUAD|-21.79,70.83|-21.79,71.83|-27.57,71.83|-27.57,70.83
QUAD|-26.09,70.81|-26.09,71.81|-31.87,71.81|-31.87,70.81
QUAD|-32.72,32.48|-31.72,32.46|-31.59,38.24|-32.59,38.26
QUAD|-32.64,37.40|-31.64,37.38|-31.51,43.16|-32.51,43.18
QUAD|-32.54,43.02|-31.54,43.00|-31.42,48.78|-32.42,48.80
QUAD|-32.46,48.28|-31.46,48.26|-31.34,54.04|-32.34,54.06
QUAD|-32.34,49.91|-31.34,49.88|-31.22,55.66|-32.22,55.69
QUAD|-32.27,54.82|-31.27,54.80|-31.14,60.58|-32.14,60.60
QUAD|-32.17,60.57|-31.17,60.55|-31.05,66.33|-32.05,66.35
QUAD|-32.01,65.70|-31.01,65.70|-31.05,71.48|-32.05,71.48
QUAD|-0.42,70.82|-0.42,71.82|-6.20,71.82|-6.20,70.82
QUAD|-6.09,70.82|-6.09,71.82|-11.87,71.82|-11.87,70.82
QUAD|-11.61,70.82|-11.61,71.82|-17.39,71.83|-17.39,70.83
QUAD|-17.13,70.83|-17.13,71.83|-22.91,71.83|-22.91,70.83
QUAD|-21.79,70.83|-21.79,71.83|-27.57,71.83|-27.57,70.83
QUAD|-26.09,70.81|-26.09,71.81|-31.87,71.81|-31.87,70.81
QUAD|-7.23,78.20|-7.23,79.20|-13.01,79.21|-13.01,78.21
QUAD|-12.89,78.21|-12.89,79.21|-18.68,79.21|-18.68,78.21
QUAD|-18.42,78.21|-18.41,79.21|-24.20,79.21|-24.20,78.21
QUAD|-23.94,78.21|-23.93,79.21|-29.72,79.21|-29.72,78.21
QUAD|-28.60,78.21|-28.60,79.21|-34.38,79.22|-34.38,78.22
QUAD|-32.90,78.19|-32.90,79.19|-38.68,79.20|-38.68,78.20
QUAD|-7.23,78.20|-7.23,79.20|-13.01,79.21|-13.01,78.21
QUAD|-12.89,78.21|-12.89,79.21|-18.68,79.21|-18.68,78.21
QUAD|-18.42,78.21|-18.41,79.21|-24.20,79.21|-24.20,78.21
QUAD|-23.94,78.21|-23.93,79.21|-29.72,79.21|-29.72,78.21
QUAD|-28.60,78.21|-28.60,79.21|-34.38,79.22|-34.38,78.22
QUAD|-32.90,78.19|-32.90,79.19|-38.68,79.20|-38.68,78.20
QUAD|-39.16,71.91|-38.16,71.90|-38.07,77.68|-39.07,77.69
QUAD|-0.42,78.20|-0.42,79.20|-6.20,79.21|-6.20,78.21
QUAD|-2.57,78.21|-2.57,79.21|-8.35,79.21|-8.35,78.21
QUAD|-29.25,37.09|0.75,37.09|0.75,64.53|-29.25,64.53
QUAD|4.95,70.82|4.95,71.82|-0.83,71.82|-0.83,70.82
QUAD|5.37,32.38|6.37,32.36|6.49,38.14|5.49,38.16
QUAD|5.45,37.64|6.45,37.62|6.58,43.40|5.58,43.42
QUAD|5.57,39.26|6.57,39.24|6.69,45.02|5.69,45.04
QUAD|5.65,44.18|6.65,44.16|6.77,49.94|5.77,49.96
QUAD|5.74,49.93|6.74,49.91|6.86,55.69|5.86,55.71
QUAD|5.97,60.54|6.97,60.51|7.09,66.29|6.09,66.32
QUAD|6.07,65.35|7.07,65.33|7.19,71.11|6.19,71.13
QUAD|6.91,70.82|6.91,71.82|1.13,71.82|1.13,70.82
QUAD|5.06,78.20|5.06,79.20|-0.72,79.20|-0.72,78.20
QUAD|7.26,78.20|7.26,79.20|1.48,79.20|1.48,78.20
QUAD|-53.43,-1.66|-26.57,-1.66|-26.57,25.04|-53.43,25.04
QUAD|-53.43,-21.01|-26.57,-21.01|-26.57,5.68|-53.43,5.68
QUAD|-65.10,23.50|-38.24,23.50|-38.24,50.20|-65.10,50.20
QUAD|-65.10,46.62|-38.24,46.62|-38.24,73.32|-65.10,73.32
QUAD|-65.10,66.37|-38.24,66.37|-38.24,93.07|-65.10,93.07
QUAD|68.94,-41.54|24.09,-40.56|22.82,-98.98|67.68,-99.95
QUAD|46.45,-35.98|46.44,-34.98|40.66,-35.05|40.67,-36.05
QUAD|51.82,-35.91|51.81,-34.91|46.03,-34.98|46.04,-35.98
QUAD|57.18,-35.84|57.17,-34.84|51.38,-34.91|51.40,-35.91
QUAD|35.66,-36.11|35.65,-35.11|29.87,-35.19|29.88,-36.19
QUAD|41.03,-36.05|41.02,-35.05|35.24,-35.12|35.25,-36.12
QUAD|27.67,-36.21|27.66,-35.21|21.88,-35.29|21.89,-36.29
QUAD|31.35,-36.17|31.34,-35.17|25.56,-35.24|25.57,-36.24
QUAD|21.63,-41.85|22.63,-41.85|22.63,-36.07|21.63,-36.07
QUAD|21.63,-47.57|22.63,-47.57|22.63,-41.79|21.63,-41.79
QUAD|21.63,-89.40|22.63,-89.40|22.63,-83.62|21.63,-83.62
QUAD|21.63,-94.76|22.63,-94.76|22.63,-88.98|21.63,-88.98
QUAD|21.63,-99.95|22.63,-99.95|22.63,-94.17|21.63,-94.17
QUAD|21.63,-105.16|22.63,-105.16|22.63,-99.38|21.63,-99.38
QUAD|21.63,-110.27|22.63,-110.27|22.63,-104.49|21.63,-104.49
QUAD|21.63,-115.36|22.63,-115.36|22.63,-109.58|21.63,-109.58
QUAD|21.63,-120.51|22.63,-120.51|22.63,-114.73|21.63,-114.73
QUAD|20.45,-129.20|47.31,-129.20|47.31,-102.50|20.45,-102.50
QUAD|21.63,-125.54|22.63,-125.54|22.63,-119.76|21.63,-119.76
QUAD|5.07,-89.40|6.07,-89.40|6.07,-83.62|5.07,-83.62
QUAD|5.07,-94.76|6.07,-94.76|6.07,-88.98|5.07,-88.98
QUAD|5.07,-99.95|6.07,-99.95|6.07,-94.17|5.07,-94.17
QUAD|5.07,-105.16|6.07,-105.16|6.07,-99.38|5.07,-99.38
QUAD|5.07,-110.27|6.07,-110.27|6.07,-104.49|5.07,-104.49
QUAD|5.07,-115.36|6.07,-115.36|6.07,-109.58|5.07,-109.58
QUAD|5.07,-120.51|6.07,-120.51|6.07,-114.73|5.07,-114.73
QUAD|5.07,-125.54|6.07,-125.54|6.07,-119.76|5.07,-119.76
QUAD|-0.17,-50.90|-0.17,-49.90|-5.95,-49.86|-5.96,-50.86
QUAD|5.51,-50.85|5.52,-49.85|-0.26,-49.81|-0.27,-50.81
QUAD|-5.36,-50.86|-5.35,-49.86|-11.13,-49.82|-11.14,-50.82
QUAD|-10.90,-50.82|-10.90,-49.82|-16.68,-49.78|-16.69,-50.78
QUAD|-16.30,-50.78|-16.29,-49.78|-22.07,-49.74|-22.08,-50.74
QUAD|-21.42,-50.74|-21.42,-49.74|-27.20,-49.70|-27.21,-50.70
QUAD|-26.82,-50.70|-26.81,-49.70|-32.59,-49.66|-32.60,-50.66
QUAD|-29.62,-50.68|-29.61,-49.68|-35.39,-49.64|-35.40,-50.64
QUAD|5.07,-56.03|6.07,-56.03|6.07,-50.25|5.07,-50.25
QUAD|5.07,-61.39|6.07,-61.39|6.07,-55.61|5.07,-55.61
QUAD|5.07,-66.58|6.07,-66.58|6.07,-60.80|5.07,-60.80
QUAD|5.07,-71.79|6.07,-71.79|6.07,-66.01|5.07,-66.01
QUAD|5.07,-76.90|6.07,-76.90|6.07,-71.12|5.07,-71.12
QUAD|5.07,-81.99|6.07,-81.99|6.07,-76.21|5.07,-76.21
QUAD|5.07,-87.14|6.07,-87.14|6.07,-81.36|5.07,-81.36
QUAD|-19.44,-77.74|7.42,-77.74|7.42,-51.04|-19.44,-51.04
QUAD|-19.44,-96.49|7.42,-96.49|7.42,-69.79|-19.44,-69.79
QUAD|-19.44,-114.96|7.42,-114.96|7.42,-88.26|-19.44,-88.26
QUAD|-19.44,-132.41|7.42,-132.41|7.42,-105.71|-19.44,-105.71
QUAD|-19.44,-132.41|7.42,-132.41|7.42,-105.71|-19.44,-105.71
QUAD|5.07,-89.40|6.07,-89.40|6.07,-83.62|5.07,-83.62
QUAD|5.07,-94.76|6.07,-94.76|6.07,-88.98|5.07,-88.98
QUAD|5.07,-99.95|6.07,-99.95|6.07,-94.17|5.07,-94.17
QUAD|5.07,-105.16|6.07,-105.16|6.07,-99.38|5.07,-99.38
QUAD|5.07,-110.27|6.07,-110.27|6.07,-104.49|5.07,-104.49
QUAD|5.07,-115.36|6.07,-115.36|6.07,-109.58|5.07,-109.58
QUAD|5.07,-120.51|6.07,-120.51|6.07,-114.73|5.07,-114.73
QUAD|5.07,-125.54|6.07,-125.54|6.07,-119.76|5.07,-119.76
QUAD|-0.17,-50.90|-0.17,-49.90|-5.95,-49.86|-5.96,-50.86
QUAD|5.51,-50.85|5.52,-49.85|-0.26,-49.81|-0.27,-50.81
QUAD|-5.36,-50.86|-5.35,-49.86|-11.13,-49.82|-11.14,-50.82
QUAD|-10.90,-50.82|-10.90,-49.82|-16.68,-49.78|-16.69,-50.78
QUAD|-16.30,-50.78|-16.29,-49.78|-22.07,-49.74|-22.08,-50.74
QUAD|-21.42,-50.74|-21.42,-49.74|-27.20,-49.70|-27.21,-50.70
QUAD|-26.82,-50.70|-26.81,-49.70|-32.59,-49.66|-32.60,-50.66
QUAD|-29.62,-50.68|-29.61,-49.68|-35.39,-49.64|-35.40,-50.64
QUAD|5.07,-56.03|6.07,-56.03|6.07,-50.25|5.07,-50.25
QUAD|5.07,-61.39|6.07,-61.39|6.07,-55.61|5.07,-55.61
QUAD|5.07,-66.58|6.07,-66.58|6.07,-60.80|5.07,-60.80
QUAD|5.07,-71.79|6.07,-71.79|6.07,-66.01|5.07,-66.01
QUAD|5.07,-76.90|6.07,-76.90|6.07,-71.12|5.07,-71.12
QUAD|5.07,-81.99|6.07,-81.99|6.07,-76.21|5.07,-76.21
QUAD|5.07,-87.14|6.07,-87.14|6.07,-81.36|5.07,-81.36
QUAD|-19.44,-96.49|7.42,-96.49|7.42,-69.79|-19.44,-69.79
QUAD|-19.44,-114.96|7.42,-114.96|7.42,-88.26|-19.44,-88.26
QUAD|-19.44,-132.41|7.42,-132.41|7.42,-105.71|-19.44,-105.71
QUAD|-19.44,-132.41|7.42,-132.41|7.42,-105.71|-19.44,-105.71
QUAD|-41.88,-114.96|-15.02,-114.96|-15.02,-88.26|-41.88,-88.26
QUAD|-41.88,-135.40|-15.02,-135.40|-15.02,-108.70|-41.88,-108.70
QUAD|-41.88,-97.15|-15.02,-97.15|-15.02,-70.45|-41.88,-70.45
QUAD|-41.88,-77.43|-15.02,-77.43|-15.02,-50.74|-41.88,-50.74
QUAD|-20.18,-43.22|-18.02,-48.61|-8.74,-44.88|-10.90,-39.50
QUAD|27.87,32.95|30.84,36.72|22.98,42.91|20.01,39.14
QUAD|45.55,64.70|22.66,65.29|21.90,35.29|44.79,34.71
QUAD|40.20,-129.20|67.06,-129.20|67.06,-102.50|40.20,-102.50
QUAD|58.05,-129.20|84.91,-129.20|84.91,-102.50|58.05,-102.50
QUAD|58.05,-110.74|84.91,-110.74|84.91,-84.04|58.05,-84.04
QUAD|58.05,-92.89|84.91,-92.89|84.91,-66.19|58.05,-66.19
QUAD|58.05,-73.29|84.91,-73.29|84.91,-46.60|58.05,-46.60
QUAD|58.05,-60.40|84.91,-60.40|84.91,-33.70|58.05,-33.70
QUAD|6.40,31.40|7.61,31.40|7.61,32.60|6.40,32.60
QUAD|7.90,69.17|9.10,69.17|9.10,70.37|7.90,70.37
QUAD|21.91,68.89|23.12,68.89|23.12,70.09|21.91,70.09
QUAD|21.91,31.85|23.12,31.85|23.12,33.06|21.91,33.06
QUAD|20.24,22.18|21.44,22.18|21.44,23.39|20.24,23.39
QUAD|6.41,22.18|7.61,22.18|7.61,23.39|6.41,23.39
QUAD|3.75,32.09|3.75,33.09|-2.03,33.09|-2.03,32.09
QUAD|6.41,-23.65|7.61,-23.65|7.61,-22.44|6.41,-22.44
QUAD|20.27,-23.65|21.47,-23.65|21.47,-22.44|20.27,-22.44
QUAD|20.27,-6.52|21.47,-6.52|21.47,-5.31|20.27,-5.31
QUAD|20.27,-36.41|21.47,-36.41|21.47,-35.21|20.27,-35.21
QUAD|6.50,-51.76|7.70,-51.76|7.70,-50.55|6.50,-50.55
QUAD|20.22,-84.69|21.43,-84.69|21.43,-83.49|20.22,-83.49
QUAD|33.66,33.91|33.68,32.91|39.46,32.98|39.44,33.98
QUAD|32.29,16.62|33.29,16.63|33.21,22.41|32.21,22.40
QUAD|39.02,33.97|39.03,32.97|44.81,33.04|44.80,34.04
QUAD|44.83,34.04|44.84,33.04|50.62,33.11|50.61,34.11
QUAD|50.31,33.33|51.31,33.36|51.17,39.13|50.17,39.11
QUAD|50.18,38.79|51.18,38.81|51.04,44.59|50.04,44.57
QUAD|50.05,44.24|51.05,44.27|50.91,50.05|49.91,50.02
QUAD|49.92,49.44|50.92,49.46|50.78,55.24|49.78,55.22
QUAD|49.80,54.51|50.80,54.53|50.66,60.31|49.66,60.29
QUAD|49.68,59.48|50.68,59.50|50.54,65.28|49.54,65.26
QUAD|49.60,63.11|50.60,63.13|50.46,68.91|49.46,68.88
QUAD|44.18,69.42|44.14,68.42|49.92,68.20|49.95,69.20
QUAD|38.75,69.62|38.71,68.62|44.49,68.41|44.52,69.40
QUAD|33.57,69.81|33.53,68.81|39.31,68.60|39.34,69.60
QUAD|28.52,70.00|28.49,69.00|34.26,68.79|34.30,69.79
QUAD|23.76,70.18|23.72,69.18|29.50,68.96|29.54,69.96
QUAD|29.24,78.89|29.20,77.89|34.98,77.68|35.02,78.67
QUAD|23.72,79.10|23.68,78.10|29.46,77.88|29.49,78.88
QUAD|35.01,78.67|34.98,77.68|40.75,77.46|40.79,78.46
QUAD|40.40,78.47|40.36,77.47|46.14,77.26|46.18,78.26
QUAD|45.61,78.28|45.58,77.28|51.35,77.07|51.39,78.06
QUAD|51.15,78.07|51.12,77.07|56.89,76.86|56.93,77.86
QUAD|56.08,38.93|57.08,38.95|56.95,44.73|55.95,44.71
QUAD|55.95,44.39|56.95,44.41|56.81,50.19|55.81,50.17
QUAD|55.83,49.58|56.83,49.60|56.69,55.38|55.69,55.36
QUAD|55.71,54.65|56.71,54.67|56.57,60.45|55.57,60.43
QUAD|55.59,59.62|56.59,59.64|56.45,65.42|55.45,65.40
QUAD|55.51,62.84|56.51,62.86|56.37,68.64|55.37,68.62
QUAD|56.21,33.82|57.21,33.84|57.07,39.62|56.07,39.60
QUAD|56.56,34.04|56.57,33.04|62.35,33.11|62.34,34.11
QUAD|62.19,34.11|62.20,33.11|67.98,33.17|67.97,34.17
QUAD|66.99,34.16|67.00,33.16|72.79,33.23|72.77,34.23
QUAD|71.93,34.22|71.95,33.22|77.73,33.29|77.72,34.29
QUAD|78.31,33.98|77.31,33.99|77.26,28.21|78.26,28.20
QUAD|78.26,28.48|77.26,28.49|77.21,22.71|78.21,22.70
QUAD|78.21,23.00|77.21,23.01|77.16,17.23|78.16,17.22
QUAD|78.17,18.61|77.17,18.62|77.12,12.83|78.12,12.83
QUAD|77.54,13.34|77.53,12.34|83.31,12.28|83.32,13.28
QUAD|82.25,13.17|82.25,12.17|88.03,12.20|88.03,13.20
QUAD|88.77,12.83|87.77,12.84|87.75,7.06|88.75,7.05
QUAD|88.75,7.45|87.75,7.45|87.73,1.67|88.73,1.67
QUAD|88.73,2.50|87.73,2.50|87.71,-3.28|88.71,-3.28
QUAD|82.06,-2.42|82.05,-3.42|87.83,-3.48|87.84,-2.48
QUAD|56.75,77.87|56.72,76.87|62.49,76.65|62.53,77.65
QUAD|62.49,77.65|62.46,76.65|68.23,76.44|68.27,77.44
QUAD|67.72,77.46|67.68,76.46|73.46,76.24|73.50,77.24
QUAD|55.82,68.93|55.78,67.93|61.56,67.71|61.60,68.71
QUAD|61.27,68.72|61.24,67.72|67.01,67.51|67.05,68.51
QUAD|72.48,68.52|72.44,67.52|78.22,67.31|78.25,68.31
QUAD|73.09,77.26|73.05,76.26|78.83,76.04|78.87,77.04
QUAD|78.66,77.05|78.62,76.05|84.40,75.83|84.43,76.83
QUAD|84.23,76.84|84.19,75.84|89.97,75.63|90.01,76.63
QUAD|89.75,76.64|89.72,75.64|95.49,75.42|95.53,76.42
QUAD|95.14,76.44|95.11,75.44|100.88,75.22|100.92,76.22
QUAD|20.56,83.67|10.89,83.74|10.88,82.74|20.56,82.67
QUAD|59.58,37.77|89.58,37.77|89.58,66.57|59.58,66.57
QUAD|66.68,68.52|66.64,67.52|72.42,67.31|72.45,68.31
QUAD|83.80,68.52|83.76,67.52|89.54,67.31|89.58,68.31
QUAD|78.12,68.52|78.08,67.52|83.86,67.31|83.90,68.31
QUAD|87.51,68.52|87.47,67.52|93.25,67.31|93.29,68.31
QUAD|101.60,68.41|100.60,68.42|100.53,62.64|101.53,62.63
QUAD|100.64,76.44|100.61,75.44|106.38,75.22|106.42,76.22
QUAD|106.39,76.44|106.35,75.44|112.13,75.22|112.17,76.22
QUAD|112.05,76.44|112.02,75.44|117.79,75.22|117.83,76.22
QUAD|117.85,76.44|117.81,75.44|123.59,75.22|123.62,76.22
QUAD|106.39,68.61|106.35,67.61|112.13,67.40|112.17,68.39
QUAD|112.05,68.61|112.02,67.61|117.79,67.40|117.83,68.39
QUAD|117.85,68.61|117.81,67.61|123.59,67.40|123.62,68.39
QUAD|101.28,68.61|101.25,67.61|107.02,67.40|107.06,68.39
QUAD|123.94,67.83|122.94,67.84|122.88,62.06|123.88,62.05
QUAD|123.94,62.31|122.94,62.32|122.88,56.54|123.88,56.52
QUAD|123.94,57.17|122.94,57.19|122.88,51.40|123.88,51.39
QUAD|123.94,51.72|122.94,51.73|122.88,45.95|123.88,45.94
QUAD|132.03,62.31|131.03,62.32|130.97,56.54|131.97,56.52
QUAD|132.03,57.17|131.03,57.19|130.97,51.40|131.97,51.39
QUAD|123.49,76.44|123.46,75.44|129.23,75.22|129.27,76.22
QUAD|126.05,76.44|126.01,75.44|131.79,75.22|131.83,76.22
QUAD|132.03,75.80|131.03,75.81|130.97,70.03|131.97,70.02
QUAD|132.03,70.80|131.03,70.82|130.97,65.03|131.97,65.02
QUAD|132.03,65.73|131.03,65.74|130.97,59.96|131.97,59.95
QUAD|123.19,46.38|123.16,45.38|128.94,45.22|128.97,46.22
QUAD|129.02,46.38|128.99,45.38|134.77,45.22|134.80,46.22
QUAD|134.63,46.38|134.60,45.38|140.38,45.22|140.41,46.22
QUAD|140.32,46.38|140.30,45.38|146.08,45.22|146.10,46.22
QUAD|131.43,51.96|131.41,50.96|137.18,50.81|137.21,51.80
QUAD|137.09,51.96|137.06,50.96|142.84,50.81|142.87,51.80
QUAD|140.53,51.96|140.50,50.96|146.28,50.81|146.31,51.80
QUAD|146.33,51.51|145.33,51.52|145.26,45.74|146.26,45.73
QUAD|101.60,62.51|100.60,62.52|100.53,56.74|101.53,56.72
QUAD|101.60,56.66|100.60,56.67|100.53,50.89|101.53,50.87
QUAD|101.60,51.15|100.60,51.16|100.53,45.38|101.53,45.37
QUAD|101.60,45.33|100.60,45.34|100.53,39.56|101.53,39.55
QUAD|101.60,39.61|100.60,39.63|100.53,33.84|101.53,33.83
QUAD|93.40,67.95|92.40,67.96|92.33,62.18|93.33,62.17
QUAD|93.40,62.10|92.40,62.11|92.33,56.33|93.33,56.32
QUAD|93.40,56.59|92.40,56.60|92.33,50.82|93.33,50.81
QUAD|93.40,50.78|92.40,50.79|92.33,45.01|93.33,45.00
QUAD|101.60,33.75|100.60,33.76|100.53,27.98|101.53,27.97
QUAD|101.60,27.90|100.60,27.91|100.53,22.13|101.53,22.12
QUAD|101.60,22.39|100.60,22.40|100.53,16.62|101.53,16.61
QUAD|101.60,16.57|100.60,16.58|100.53,10.80|101.53,10.79
QUAD|101.60,62.51|100.60,62.52|100.53,56.74|101.53,56.72
QUAD|101.60,56.66|100.60,56.67|100.53,50.89|101.53,50.87
QUAD|101.60,51.15|100.60,51.16|100.53,45.38|101.53,45.37
QUAD|101.60,45.33|100.60,45.34|100.53,39.56|101.53,39.55
QUAD|93.61,39.13|92.61,39.14|92.55,33.36|93.55,33.35
QUAD|93.54,33.28|92.54,33.29|92.48,27.51|93.48,27.50
QUAD|93.54,27.77|92.54,27.78|92.48,22.00|93.48,21.99
QUAD|93.54,21.95|92.54,21.96|92.48,16.18|93.48,16.17
QUAD|93.54,16.41|92.54,16.42|92.48,10.64|93.48,10.63
QUAD|93.54,10.68|92.54,10.69|92.48,4.91|93.48,4.90
QUAD|93.54,9.58|92.54,9.59|92.48,3.81|93.48,3.80
QUAD|101.02,11.41|100.99,10.41|106.77,10.25|106.80,11.25
QUAD|101.02,4.49|100.99,3.49|106.77,3.34|106.80,4.33
QUAD|95.41,4.49|95.38,3.49|101.16,3.34|101.19,4.33
QUAD|92.66,4.49|92.63,3.49|98.41,3.34|98.44,4.33
QUAD|105.70,4.49|105.67,3.49|111.45,3.34|111.48,4.33
QUAD|105.70,11.37|105.67,10.37|111.45,10.21|111.48,11.21
QUAD|111.65,10.68|110.65,10.69|110.59,4.91|111.59,4.90
QUAD|111.65,9.49|110.65,9.50|110.59,3.72|111.59,3.71
QUAD|78.05,34.16|78.07,33.16|83.85,33.23|83.84,34.23
QUAD|83.75,34.16|83.76,33.16|89.54,33.23|89.53,34.23
QUAD|87.37,34.16|87.39,33.16|93.17,33.23|93.16,34.23
QUAD|89.77,68.89|90.98,68.89|90.98,70.09|89.77,70.09
QUAD|48.98,68.89|50.18,68.89|50.18,70.09|48.98,70.09
QUAD|99.02,28.80|125.88,28.80|125.88,55.50|99.02,55.50
QUAD|99.02,42.62|125.88,42.62|125.88,69.32|99.02,69.32
QUAD|99.02,12.33|125.88,12.33|125.88,39.03|99.02,39.03
QUAD|118.31,12.33|145.17,12.33|145.17,39.03|118.31,39.03
QUAD|120.36,21.85|147.22,21.85|147.22,48.55|120.36,48.55
QUAD|130.42,50.01|157.28,50.01|157.28,76.71|130.42,76.71
QUAD|83.28,-41.83|110.14,-41.83|110.14,-15.14|83.28,-15.14
QUAD|83.28,-21.48|110.14,-21.48|110.14,5.22|83.28,5.22
QUAD|108.13,-12.36|134.99,-12.36|134.99,14.34|108.13,14.34
QUAD|143.51,20.49|170.36,20.49|170.36,47.19|143.51,47.19
QUAD|-62.26,-69.93|-35.40,-69.93|-35.40,-43.23|-62.26,-43.23
QUAD|11.16,-126.65|11.15,-125.65|5.37,-125.67|5.37,-126.67
QUAD|16.99,-126.65|16.98,-125.65|11.20,-125.67|11.20,-126.67
QUAD|22.39,-126.65|22.38,-125.65|16.60,-125.67|16.61,-126.67
QUAD|10.60,-154.11|37.46,-154.11|37.46,-127.41|10.60,-127.41
QUAD|-5.54,-154.11|21.31,-154.11|21.31,-127.41|-5.54,-127.41
